a1 =    1.6770
a2 =    8.4930
c1 =    3.1910
c2 =    3.9770
k2 =    6.4890
nuy2 =    4.7200

q1_init=pi/2+0.1;
q1_dot_init=0.1;
q2_init=-0.1;
q2_dot_init=-0.2;

beta1= 0.01122;
beta2= 0.00193;
beta3= 0.00156;
beta4= 0.0406;
beta5= 0.0078;
g=9.81;