a1 =    1.5110
a2 =    2.5990
c1 =    4.3770
c2 =    5.5690
k2 =    1.0980
nuy2 =    4.2460

q1_init=pi/2+0.1;
q1_dot_init=0.1;
q2_init=-0.1;
q2_dot_init=-0.2;

beta1= 0.01122;
beta2= 0.00193;
beta3= 0.00156;
beta4= 0.0406;
beta5= 0.0078;
g=9.81;

